# depth[mm]	Amp[V]	HF [V]	TGC [dB]
0.0	0.299	0.001	0.157
0.1	0.605	0.016	0.315
0.3	0.988	0.977	0.000
0.4	1.317	-0.960	-0.157
0.5	1.457	-1.007	0.472
0.7	1.365	-1.007	0.472
0.8	1.130	0.560	0.315
0.9	0.915	1.001	0.157
1.1	0.854	-0.196	0.000
1.2	0.963	-0.566	0.157
1.3	1.140	1.001	0.315
1.5	1.256	1.001	0.315
1.6	1.255	-0.401	0.315
1.7	1.185	-1.007	0.157
1.9	1.135	-1.007	0.157
2.0	1.158	-0.110	0.157
2.1	1.227	1.001	0.157
2.3	1.281	1.001	0.157
2.4	1.290	-0.921	0.315
2.5	1.279	-1.007	0.315
2.7	1.289	-0.629	0.157
2.8	1.315	1.001	0.000
2.9	1.297	1.001	0.157
3.1	1.168	-0.850	0.315
3.2	0.926	-0.747	0.315
3.3	0.642	-0.275	0.157
3.5	0.420	-0.212	0.000
3.6	0.318	0.182	0.157
3.7	0.320	0.237	0.157
3.9	0.363	0.198	0.157
4.0	0.395	0.387	0.157
4.1	0.405	0.182	0.157
4.3	0.410	-0.330	0.157
4.4	0.421	-0.354	0.157
4.5	0.425	0.087	0.157
4.7	0.400	0.363	0.157
4.8	0.343	0.268	0.157
4.9	0.278	-0.031	0.157
5.1	0.234	-0.204	0.157
5.2	0.226	-0.212	0.157
5.3	0.235	-0.023	0.157
5.5	0.236	0.198	0.157
5.6	0.211	0.166	0.157
5.7	0.169	-0.031	0.157
5.9	0.132	-0.125	0.157
6.0	0.113	-0.110	0.157
6.1	0.116	-0.023	0.157
6.3	0.129	0.064	0.157
6.4	0.141	0.135	0.157
6.5	0.150	0.072	0.157
6.7	0.154	-0.094	0.157
6.8	0.157	-0.165	0.315
6.9	0.160	-0.086	0.157
7.1	0.165	0.032	0.157
7.2	0.172	0.142	0.157
7.3	0.183	0.166	0.157
7.5	0.192	-0.023	0.157
7.6	0.192	-0.188	0.315
7.7	0.180	-0.102	0.315
7.9	0.164	0.072	-0.157
8.0	0.155	0.150	0.315
8.1	0.161	0.111	1.732
8.3	0.178	-0.047	2.992
8.4	0.191	-0.196	3.937
8.5	0.186	-0.102	4.409
8.7	0.164	0.072	4.724
8.8	0.137	0.127	4.882
8.9	0.121	0.095	5.039
9.1	0.124	-0.007	5.039
9.2	0.138	-0.133	5.197
9.3	0.145	-0.110	5.197
9.5	0.135	0.016	5.197
9.6	0.111	0.095	5.354
9.7	0.085	0.079	5.354
9.9	0.071	0.016	5.354
10.0	0.072	-0.047	5.512
10.1	0.081	-0.078	5.512
10.3	0.086	-0.054	5.512
10.4	0.079	0.016	5.512
10.5	0.062	0.056	5.512
10.7	0.045	0.040	5.512
10.8	0.034	-0.007	5.512
10.9	0.031	-0.031	5.512
11.1	0.035	-0.015	5.512
11.2	0.041	0.016	5.669
11.3	0.046	0.048	5.669
11.5	0.049	0.016	5.669
11.6	0.049	-0.039	5.827
11.7	0.045	-0.039	5.827
11.9	0.037	0.001	5.827
12.0	0.025	0.016	5.984
12.1	0.015	0.016	5.827
12.3	0.009	0.001	5.984
12.4	0.010	-0.007	5.984
12.5	0.014	0.001	5.984
12.7	0.019	0.016	5.984
12.8	0.020	0.016	6.142
12.9	0.019	-0.007	6.142
13.1	0.015	-0.015	6.142
13.2	0.012	-0.007	6.142
13.3	0.010	0.001	6.142
13.5	0.007	0.001	6.142
13.6	0.005	0.001	6.299
13.8	0.005	0.001	6.299
13.9	0.007	0.001	6.299
14.0	0.010	0.009	6.299
14.2	0.013	0.001	6.299
14.3	0.014	-0.015	6.299
14.4	0.013	-0.007	6.457
14.6	0.012	0.009	6.457
14.7	0.011	0.001	6.457
14.8	0.010	-0.007	6.614
15.0	0.009	-0.007	6.614
15.1	0.008	0.001	6.614
15.2	0.007	0.009	6.614
15.4	0.010	0.001	6.614
15.5	0.015	-0.007	6.614
15.6	0.021	-0.023	6.772
15.8	0.023	0.001	6.772
15.9	0.020	0.016	6.772
16.0	0.013	0.009	6.772
16.2	0.008	0.001	6.772
16.3	0.008	-0.007	6.772
16.4	0.012	-0.015	6.929
16.6	0.017	-0.007	6.929
16.7	0.019	0.001	6.929
16.8	0.017	0.016	6.929
17.0	0.014	0.009	6.929
17.1	0.015	0.001	7.087
17.2	0.021	-0.023	7.087
17.4	0.027	-0.023	7.087
17.5	0.030	-0.015	7.087
17.6	0.026	0.001	7.087
17.8	0.018	0.016	7.087
17.9	0.011	0.009	7.244
18.0	0.009	0.009	7.244
18.2	0.013	-0.007	7.402
18.3	0.018	-0.015	7.402
18.4	0.020	-0.015	7.402
18.6	0.018	0.001	7.402
18.7	0.014	0.009	7.402
18.8	0.010	0.001	7.402
19.0	0.009	0.009	7.402
19.1	0.009	-0.007	7.402
19.2	0.009	-0.007	7.559
19.4	0.009	0.001	7.559
19.5	0.010	0.009	7.559
19.6	0.013	0.001	7.559
19.8	0.016	-0.015	7.717
19.9	0.018	-0.015	7.717
20.0	0.017	0.009	7.717
20.2	0.014	0.009	7.717
20.3	0.011	-0.007	7.717
20.4	0.010	-0.007	7.874
20.6	0.011	-0.007	7.874
20.7	0.013	0.001	7.874
20.8	0.012	0.009	7.874
21.0	0.009	0.001	7.874
21.1	0.004	0.001	8.031
21.2	0.002	0.001	8.031
21.4	0.003	0.001	8.031
21.5	0.008	-0.007	8.031
21.6	0.013	-0.007	8.031
21.8	0.015	-0.007	8.031
21.9	0.014	0.001	8.189
22.0	0.011	0.009	8.189
22.2	0.010	0.009	8.189
22.3	0.013	0.009	8.189
22.4	0.017	0.001	8.189
22.6	0.022	-0.023	8.346
22.7	0.024	-0.015	8.346
22.8	0.021	0.001	8.504
23.0	0.016	0.016	8.346
23.1	0.011	0.001	8.346
23.2	0.007	-0.007	8.504
23.4	0.006	0.001	8.504
23.5	0.007	0.001	8.504
23.6	0.009	-0.007	8.504
23.8	0.011	0.001	8.504
23.9	0.013	0.009	8.661
24.0	0.013	0.001	8.661
24.2	0.013	-0.015	8.661
24.3	0.012	-0.007	8.661
24.4	0.012	0.001	8.819
24.6	0.011	0.001	8.819
24.7	0.009	-0.007	8.819
24.8	0.008	0.001	8.819
25.0	0.007	0.001	8.819
25.1	0.007	0.001	8.819
25.2	0.007	0.001	8.976
25.4	0.009	0.001	8.976
25.5	0.009	-0.007	8.819
25.6	0.009	0.001	8.976
25.8	0.009	0.009	8.976
25.9	0.010	0.001	8.976
26.0	0.012	-0.007	9.134
26.2	0.016	-0.015	9.134
26.3	0.018	-0.007	9.134
26.4	0.017	0.001	9.134
26.6	0.013	0.009	9.134
26.7	0.011	0.009	9.291
26.8	0.011	0.001	9.291
27.0	0.015	-0.015	9.291
27.1	0.021	-0.015	9.291
27.2	0.024	0.009	9.291
27.4	0.023	0.016	9.291
27.5	0.019	0.001	9.291
27.6	0.015	-0.015	9.449
27.8	0.013	0.001	9.449
27.9	0.014	0.009	9.449
28.0	0.016	0.001	9.606
28.2	0.016	-0.015	9.606
28.3	0.014	0.001	9.606
28.4	0.010	0.001	9.606
28.6	0.006	0.001	9.606
28.7	0.006	0.001	9.606
28.8	0.008	0.001	9.606
29.0	0.011	-0.007	9.764
29.1	0.013	-0.007	9.764
29.2	0.013	0.001	9.921
29.4	0.011	0.001	9.921
29.5	0.009	0.001	9.921
29.6	0.011	0.009	9.921
29.8	0.015	-0.007	9.921
29.9	0.018	-0.015	9.921
30.0	0.018	0.001	10.079
30.2	0.015	0.009	9.921
30.3	0.010	0.001	9.921
30.4	0.007	0.001	10.079
30.6	0.008	0.001	10.079
30.7	0.010	-0.007	10.079
30.8	0.013	0.001	10.236
31.0	0.013	0.001	10.236
31.1	0.011	0.001	10.236
31.2	0.009	0.001	10.236
31.4	0.010	0.001	10.236
31.5	0.012	0.001	10.394
31.6	0.014	-0.007	10.394
31.8	0.014	-0.007	10.394
31.9	0.014	0.001	10.394
32.0	0.013	0.001	10.394
32.2	0.013	0.001	10.394
32.3	0.014	0.001	10.394
32.4	0.014	0.009	10.551
32.6	0.013	0.001	10.551
32.7	0.012	0.001	10.551
32.8	0.014	0.001	10.709
33.0	0.017	-0.007	10.709
33.1	0.021	-0.015	10.709
33.2	0.023	0.009	10.709
33.4	0.021	0.009	10.709
33.5	0.018	0.001	10.709
33.6	0.016	-0.007	10.709
33.8	0.017	0.001	10.709
33.9	0.019	0.001	10.866
34.0	0.020	0.001	10.866
34.2	0.019	0.009	10.866
34.3	0.018	0.009	11.024
34.4	0.018	-0.007	11.024
34.6	0.020	-0.007	11.024
34.7	0.023	0.001	11.024
34.8	0.023	0.009	11.181
35.0	0.021	0.001	11.181
35.1	0.018	-0.007	11.024
35.2	0.018	0.001	11.181
35.4	0.021	0.001	11.181
35.5	0.026	-0.007	11.181
35.6	0.027	0.001	11.181
35.8	0.025	0.009	11.339
35.9	0.023	0.009	11.339
36.0	0.025	0.001	11.339
36.2	0.029	-0.007	11.339
36.3	0.031	0.001	11.339
36.4	0.028	0.001	11.496
36.6	0.022	0.009	11.496
36.7	0.020	0.001	11.339
36.8	0.026	-0.007	11.496
37.0	0.037	0.001	11.496
37.1	0.042	0.009	11.496
37.2	0.037	-0.007	11.654
37.4	0.026	-0.015	11.654
37.5	0.024	0.001	11.654
37.6	0.037	0.009	11.811
37.8	0.054	-0.007	11.654
37.9	0.058	-0.007	11.811
38.0	0.041	0.001	11.811
38.2	0.020	0.009	11.811
38.3	0.021	0.001	11.811
38.4	0.052	-0.007	11.811
38.6	0.086	-0.007	11.969
38.7	0.082	0.001	11.969
38.8	0.032	0.001	11.969
39.0	0.005	-0.007	11.969
39.1	0.069	-0.054	11.969
39.2	0.322	-0.212	12.126
39.4	0.721	0.032	12.126
39.5	1.133	1.001	12.126
39.6	1.404	1.001	12.126
39.8	1.458	-1.007	12.283
39.9	1.353	-1.007	12.283
40.0	1.225	0.536	12.126
40.2	1.193	1.001	12.126
40.3	1.272	1.001	12.283
40.5	1.386	-1.007	12.441
40.6	1.442	-1.007	12.441
40.7	1.409	-1.007	12.441
40.9	1.333	1.001	12.283
41.0	1.281	1.001	12.441
41.1	1.282	1.001	12.598
41.3	1.305	-0.747	12.598
41.4	1.297	-1.007	12.598
41.5	1.238	-1.007	12.598
41.7	1.166	0.276	12.598
41.8	1.134	0.953	12.598
41.9	1.155	1.001	12.598
42.1	1.186	0.725	12.756
42.2	1.155	-0.527	12.756
42.3	1.029	-1.007	12.756
42.5	0.843	-0.464	12.756
42.6	0.682	0.268	12.756
42.7	0.608	0.560	12.913
42.9	0.618	0.560	12.913
43.0	0.642	0.111	12.913
43.1	0.605	-0.472	12.913
43.3	0.487	-0.424	13.071
43.4	0.337	0.016	12.913
43.5	0.230	0.198	12.913
43.7	0.206	0.198	13.071
43.8	0.244	0.182	13.071
43.9	0.283	-0.047	13.228
44.1	0.271	-0.251	13.228
44.2	0.209	-0.133	13.228
44.3	0.138	0.056	13.228
44.5	0.104	0.095	13.228
44.6	0.118	0.111	13.386
44.7	0.153	0.072	13.228
44.9	0.173	-0.094	13.386
45.0	0.159	-0.149	13.386
45.1	0.121	-0.023	13.386
45.3	0.087	0.072	13.386
45.4	0.074	0.072	13.543
45.5	0.079	0.048	13.543
45.7	0.088	-0.015	13.543
45.8	0.087	-0.078	13.543
45.9	0.074	-0.039	13.543
46.1	0.057	0.040	13.701
46.2	0.045	0.040	13.701
46.3	0.040	0.001	13.701
46.5	0.041	-0.031	13.701
46.6	0.048	-0.039	13.701
46.7	0.061	0.016	13.701
46.9	0.077	0.072	13.701
47.0	0.090	0.056	13.858
47.1	0.093	-0.039	13.858
47.3	0.083	-0.078	13.858
47.4	0.067	-0.047	13.858
47.5	0.055	0.001	13.858
47.7	0.056	0.040	14.016
47.8	0.069	0.072	14.016
47.9	0.084	0.056	14.016
48.1	0.094	-0.007	14.016
48.2	0.096	-0.070	14.016
48.3	0.095	-0.094	14.173
48.5	0.098	-0.039	14.173
48.6	0.107	0.072	14.173
48.7	0.116	0.111	14.173
48.9	0.117	0.040	14.331
49.0	0.105	-0.062	14.331
49.1	0.087	-0.086	14.331
49.3	0.070	-0.039	14.331
49.4	0.063	0.024	14.331
49.5	0.065	0.064	14.331
49.7	0.069	0.048	14.488
49.8	0.067	-0.007	14.488
49.9	0.056	-0.047	14.488
50.1	0.041	-0.039	14.488
50.2	0.026	-0.007	14.488
50.3	0.018	0.009	14.488
50.5	0.017	0.016	14.646
50.6	0.019	0.009	14.646
50.7	0.020	0.009	14.646
50.9	0.021	-0.007	14.803
51.0	0.021	-0.015	14.803
51.1	0.021	-0.015	14.803
51.3	0.021	0.001	14.803
51.4	0.020	0.016	14.803
51.5	0.018	0.009	14.803
51.7	0.015	-0.007	14.803
51.8	0.015	-0.007	14.961
51.9	0.017	0.009	14.961
52.1	0.020	0.009	14.961
52.2	0.021	-0.007	14.961
52.3	0.020	-0.023	14.961
52.5	0.018	-0.007	15.118
52.6	0.017	0.009	15.118
52.7	0.020	0.016	15.118
52.9	0.024	0.009	15.118
53.0	0.025	-0.015	15.118
53.1	0.023	-0.023	15.118
53.3	0.017	-0.007	15.276
53.4	0.012	0.001	15.276
53.5	0.010	0.009	15.276
53.7	0.011	0.009	15.276
53.8	0.013	0.001	15.433
53.9	0.013	-0.007	15.433
54.1	0.011	-0.007	15.433
54.2	0.009	0.001	15.433
54.3	0.009	0.001	15.433
54.5	0.012	-0.007	15.591
54.6	0.016	-0.015	15.591
54.7	0.018	0.001	15.591
54.9	0.019	0.016	15.591
55.0	0.017	0.009	15.591
55.1	0.015	-0.007	15.591
55.3	0.012	-0.007	15.748
55.4	0.010	-0.007	15.748
55.5	0.008	-0.007	15.748
55.7	0.008	0.001	15.748
55.8	0.010	0.009	15.748
55.9	0.013	0.009	15.906
56.1	0.015	0.001	15.906
56.2	0.015	-0.015	15.906
56.3	0.014	-0.007	15.906
56.5	0.014	-0.007	15.906
56.6	0.014	0.001	16.063
56.7	0.017	0.016	15.906
56.9	0.018	0.009	16.063
57.0	0.017	-0.007	16.063
57.1	0.015	-0.015	16.063
57.3	0.013	-0.007	16.220
57.4	0.012	-0.007	16.220
57.5	0.013	0.009	16.220
57.7	0.015	0.016	16.220
57.8	0.016	0.001	16.220
57.9	0.015	-0.007	16.220
58.1	0.013	-0.015	16.220
58.2	0.012	0.001	16.378
58.3	0.012	0.009	16.378
58.5	0.014	0.009	16.378
58.6	0.015	-0.007	16.378
58.7	0.015	-0.015	16.535
58.9	0.013	0.001	16.535
59.0	0.009	0.009	16.535
59.1	0.006	0.001	16.535
59.3	0.004	0.001	16.535
59.4	0.004	0.001	16.535
59.5	0.005	0.001	16.535
59.7	0.008	-0.007	16.693
59.8	0.011	-0.007	16.693
59.9	0.014	-0.007	16.693
60.1	0.015	0.016	16.850
60.2	0.015	0.009	16.850
60.3	0.012	0.001	16.850
60.5	0.010	-0.007	16.850
60.6	0.009	-0.007	17.008
60.7	0.009	-0.007	16.850
60.9	0.011	0.009	17.008
61.0	0.013	0.009	17.008
61.1	0.014	0.009	17.008
61.3	0.013	-0.007	17.008
61.4	0.010	-0.007	17.008
61.5	0.007	-0.007	17.165
61.7	0.006	0.001	17.165
61.8	0.006	0.001	17.165
61.9	0.008	0.009	17.165
62.1	0.009	0.001	17.323
62.2	0.010	0.009	17.323
62.3	0.010	0.001	17.323
62.5	0.010	-0.007	17.323
62.6	0.012	-0.007	17.323
62.7	0.015	0.009	17.323
62.9	0.018	0.016	17.480
63.0	0.018	0.001	17.323
63.1	0.015	-0.015	17.480
63.3	0.012	-0.007	17.480
63.4	0.011	-0.007	17.480
63.5	0.011	0.001	17.638
63.7	0.014	0.009	17.638
63.8	0.015	0.016	17.638
63.9	0.014	0.001	17.638
64.1	0.013	-0.007	17.795
64.2	0.012	-0.007	17.795
64.3	0.012	0.001	17.638
64.5	0.014	0.016	17.795
64.6	0.015	0.009	17.638
64.7	0.014	0.001	17.795
64.9	0.011	-0.007	17.953
65.0	0.008	-0.007	17.953
65.1	0.007	-0.007	17.953
65.3	0.010	0.001	17.953
65.4	0.014	0.009	17.953
65.5	0.016	0.016	18.110
65.7	0.015	0.001	18.110
65.8	0.011	-0.007	18.110
65.9	0.008	-0.007	18.110
66.1	0.006	-0.007	18.110
66.2	0.007	0.001	18.110
66.3	0.010	0.001	18.110
66.5	0.014	0.016	18.268
66.6	0.016	0.009	18.268
66.8	0.017	0.001	18.268
66.9	0.018	-0.015	18.425
67.0	0.017	-0.015	18.425
67.2	0.015	0.001	18.425
67.3	0.012	0.009	18.425
67.4	0.010	0.009	18.425
67.6	0.010	0.009	18.425
67.7	0.011	0.009	18.583
67.8	0.015	-0.007	18.583
68.0	0.018	-0.015	18.583
68.1	0.018	0.001	18.583
68.2	0.016	0.016	18.583
68.4	0.011	0.009	18.740
68.5	0.006	0.001	18.740
68.6	0.003	0.001	18.740
68.8	0.004	0.001	18.740
68.9	0.005	0.009	18.898
69.0	0.006	0.001	18.740
69.2	0.006	0.001	18.740
69.3	0.004	0.001	18.898
69.4	0.003	0.001	18.898
69.6	0.002	0.001	18.898
69.7	0.003	0.001	18.898
69.8	0.003	0.001	19.055
70.0	0.003	0.001	19.055
70.1	0.003	0.001	19.055
70.2	0.002	0.001	19.055
70.4	0.002	0.001	19.055
70.5	0.003	0.001	19.213
70.6	0.003	0.001	19.213
70.8	0.004	0.001	19.213
70.9	0.005	0.001	19.213
71.0	0.006	-0.007	19.213
71.2	0.008	0.001	19.213
71.3	0.010	0.009	19.370
71.4	0.010	0.009	19.370
71.6	0.010	0.001	19.370
71.7	0.009	-0.007	19.370
71.8	0.009	-0.007	19.370
72.0	0.009	0.001	19.528
72.1	0.009	0.009	19.528
72.2	0.009	0.009	19.528
72.4	0.009	0.001	19.528
72.5	0.008	-0.007	19.528
72.6	0.007	0.001	19.685
72.8	0.005	-0.007	19.685
72.9	0.003	0.001	19.685
73.0	0.002	0.001	19.685
73.2	0.001	0.001	19.685
73.3	0.003	0.001	19.843
73.4	0.005	0.001	19.843
73.6	0.008	0.009	19.843
73.7	0.010	0.009	19.843
73.8	0.009	-0.007	19.843
74.0	0.007	0.001	19.843
74.1	0.004	0.001	20.000
74.2	0.003	0.001	20.000
74.4	0.004	-0.007	20.000
74.5	0.005	0.001	20.000
74.6	0.006	0.001	20.000
74.8	0.006	0.009	20.157
74.9	0.006	0.001	20.157
75.0	0.007	0.001	20.157
75.2	0.008	-0.007	20.157
75.3	0.008	0.001	20.315
75.4	0.009	0.009	20.315
75.6	0.010	0.001	20.315
75.7	0.013	0.001	20.315
75.8	0.018	-0.015	20.315
76.0	0.023	-0.023	20.315
76.1	0.025	-0.007	20.472
76.2	0.024	0.016	20.472
76.4	0.019	0.016	20.472
76.5	0.016	0.001	20.472
76.6	0.015	-0.015	20.472
76.8	0.016	-0.015	20.630
76.9	0.018	-0.007	20.630
77.0	0.017	-0.007	20.630
77.2	0.014	0.009	20.630
77.3	0.013	0.016	20.630
77.4	0.014	0.009	20.630
77.6	0.017	-0.007	20.630
77.7	0.022	-0.015	20.787
77.8	0.034	0.009	20.787
78.0	0.066	0.072	20.787
78.1	0.140	0.048	20.787
78.2	0.268	-0.204	20.945
78.4	0.446	-0.393	20.945
78.5	0.647	0.024	20.945
78.6	0.831	0.764	20.945
78.8	0.969	0.733	20.945
78.9	1.051	-0.361	21.102
79.0	1.087	-1.007	21.102
79.2	1.096	-0.763	21.102
79.3	1.086	0.379	21.102
79.4	1.055	1.001	21.102
79.6	0.991	0.757	21.102
79.7	0.892	-0.070	21.260
79.8	0.769	-0.653	21.260
80.0	0.643	-0.606	21.260
80.1	0.534	-0.157	21.260
80.2	0.451	0.253	21.260
80.4	0.390	0.387	21.260
80.5	0.341	0.229	21.417
80.6	0.296	-0.054	21.417
80.8	0.254	-0.228	21.417
80.9	0.219	-0.196	21.417
81.0	0.192	-0.031	21.417
81.2	0.170	0.127	21.575
81.3	0.148	0.142	21.575
81.4	0.123	0.032	21.575
81.6	0.096	-0.062	21.575
81.7	0.073	-0.070	21.732
81.8	0.061	-0.039	21.732
82.0	0.058	0.032	21.732
82.1	0.061	0.056	21.732
82.2	0.062	0.001	21.732
82.4	0.058	-0.054	21.732
82.5	0.050	-0.039	21.890
82.6	0.045	0.009	21.890
82.8	0.047	0.040	21.890
82.9	0.054	0.048	21.890
83.0	0.062	0.001	21.890
83.2	0.065	-0.054	22.047
83.3	0.062	-0.054	22.047
83.4	0.057	0.009	22.047
83.6	0.052	0.048	22.047
83.7	0.051	0.040	22.047
83.8	0.052	0.001	22.047
84.0	0.053	-0.047	22.205
84.1	0.052	-0.047	22.205
84.2	0.050	-0.015	22.205
84.4	0.049	0.032	22.205
84.5	0.050	0.048	22.362
84.6	0.052	0.024	22.362
84.8	0.052	-0.031	22.362
84.9	0.049	-0.047	22.362
85.0	0.044	-0.023	22.362
85.2	0.040	0.016	22.520
85.3	0.040	0.040	22.520
85.4	0.043	0.032	22.520
85.6	0.047	-0.007	22.520
85.7	0.049	-0.039	22.520
85.8	0.049	-0.047	22.520
86.0	0.047	0.001	22.677
86.1	0.045	0.040	22.677
86.2	0.042	0.032	22.677
86.4	0.039	0.001	22.677
86.5	0.033	-0.031	22.835
86.6	0.026	-0.023	22.835
86.8	0.020	-0.007	22.835
86.9	0.017	0.009	22.835
87.0	0.016	0.016	22.835
87.2	0.017	0.009	22.835
87.3	0.017	-0.007	22.835
87.4	0.014	-0.015	22.835
87.6	0.012	-0.007	22.992
87.7	0.010	0.001	23.150
87.8	0.012	0.009	22.992
88.0	0.016	0.016	22.992
88.1	0.019	0.001	23.150
88.2	0.020	-0.015	23.150
88.4	0.017	-0.015	23.150
88.5	0.012	0.001	23.307
88.6	0.008	0.009	23.307
88.8	0.005	0.001	23.150
88.9	0.005	0.001	23.307
89.0	0.006	-0.007	23.307
89.2	0.008	0.001	23.307
89.3	0.010	0.009	23.465
89.4	0.012	0.009	23.465
89.6	0.011	0.001	23.465
89.7	0.010	-0.007	23.465
89.8	0.008	-0.007	23.465
90.0	0.007	-0.007	23.465
90.1	0.009	0.001	23.622
90.2	0.011	0.009	23.622
90.4	0.012	0.009	23.622
90.5	0.011	-0.007	23.622
90.6	0.008	-0.007	23.622
90.8	0.004	0.001	23.622
90.9	0.002	0.001	23.780
91.0	0.004	0.001	23.780
91.2	0.006	-0.007	23.780
91.3	0.009	0.001	23.937
91.4	0.009	0.009	23.937
91.6	0.007	0.001	23.937
91.7	0.006	0.001	23.937
91.8	0.005	-0.007	23.937
92.0	0.006	0.001	23.937
92.1	0.006	0.001	23.937
92.2	0.006	-0.007	23.937
92.4	0.004	0.001	23.937
92.5	0.002	0.001	24.094
92.6	0.001	0.001	24.252
92.8	0.002	0.001	24.094
92.9	0.004	0.001	24.252
93.0	0.007	-0.007	24.252
93.2	0.009	-0.007	24.252
93.3	0.010	0.001	24.252
93.5	0.010	0.009	24.252
93.6	0.009	0.009	24.252
93.7	0.008	0.001	24.252
93.9	0.006	-0.007	24.409
94.0	0.006	0.001	24.409
94.1	0.008	-0.007	24.567
94.3	0.010	-0.007	24.567
94.4	0.011	0.009	24.567
94.5	0.010	0.009	24.567
94.7	0.007	0.001	24.567
94.8	0.003	0.001	24.567
94.9	0.001	0.001	24.724
95.1	0.001	0.001	24.724
95.2	0.003	0.001	24.724
95.3	0.006	0.001	24.724
95.5	0.007	0.001	24.724
95.6	0.007	-0.007	24.724
95.7	0.006	-0.007	24.882
95.9	0.006	0.001	24.882
96.0	0.007	0.001	24.882
96.1	0.008	0.009	24.882
96.3	0.007	-0.007	24.882
96.4	0.005	0.001	24.882
96.5	0.003	0.001	24.882
96.7	0.002	0.001	24.724
96.8	0.003	0.001	24.724
96.9	0.006	0.001	24.094
97.1	0.008	-0.007	21.260
97.2	0.008	-0.007	18.110
97.3	0.009	-0.007	14.803
97.5	0.009	0.001	11.339
97.6	0.011	0.009	8.189
97.7	0.012	0.009	5.827
97.9	0.011	-0.007	4.094
98.0	0.008	-0.007	2.835
98.1	0.004	0.001	1.890
98.3	0.001	0.001	1.260
98.4	0.001	0.001	0.945
98.5	0.003	0.001	0.787
98.7	0.005	-0.007	0.630
98.8	0.006	0.001	0.472
98.9	0.004	0.001	0.472
99.1	0.002	0.001	0.472
99.2	0.000	0.001	0.315
99.3	0.001	0.001	0.315
99.5	0.001	0.001	0.315
99.6	0.002	0.001	0.315
99.7	0.002	0.001	0.315
99.9	0.001	0.001	0.315
100.0	0.001	0.001	0.157
100.1	0.001	0.001	0.315
100.3	0.001	0.001	0.157
100.4	0.001	0.001	0.157
100.5	0.001	0.001	0.157
100.7	0.001	0.001	0.157
100.8	0.001	0.001	0.157
100.9	0.001	0.001	0.157
101.1	0.001	0.001	0.157
101.2	0.001	0.001	0.157
101.3	0.001	0.001	0.157
101.5	0.001	0.001	0.157
101.6	0.001	0.001	0.157
101.7	0.001	0.001	0.157
101.9	0.001	0.001	0.157
102.0	0.001	0.001	0.157
102.1	0.001	0.001	0.315
102.3	0.001	0.001	0.315
102.4	0.001	0.001	0.157
102.5	0.001	0.001	0.315
102.7	0.001	0.001	0.157
102.8	0.001	0.001	0.157
102.9	0.001	0.001	0.157
103.1	0.001	0.001	0.315
103.2	0.001	0.001	0.157
103.3	0.001	0.001	0.315
103.5	0.001	0.001	0.157
103.6	0.001	0.001	0.157
103.7	0.001	0.001	0.315
103.9	0.001	0.001	0.315
104.0	0.001	0.001	0.157
104.1	0.001	0.001	0.315
104.3	0.001	0.001	0.157
104.4	0.001	0.001	0.157
104.5	0.001	0.001	0.157
104.7	0.001	0.001	0.315
104.8	0.001	0.001	0.157
104.9	0.001	0.001	0.315
105.1	0.001	0.001	0.157
105.2	0.001	0.001	0.157
105.3	0.001	0.001	0.315
105.5	0.001	0.001	0.157
105.6	0.001	0.001	0.157
105.7	0.001	0.001	0.157
105.9	0.001	0.001	0.157
106.0	0.001	0.001	0.157
106.1	0.001	0.001	0.315
106.3	0.002	0.001	0.157
106.4	0.002	0.001	0.157
106.5	0.002	0.001	0.157
106.7	0.001	0.001	0.157
106.8	0.001	0.001	0.157
106.9	0.001	0.001	0.315
107.1	0.002	0.001	0.315
107.2	0.002	0.001	0.157
107.3	0.002	0.001	0.315
107.5	0.001	0.001	0.157
107.6	0.001	0.001	0.157
107.7	0.002	0.001	0.157
107.9	0.002	0.001	0.157
108.0	0.002	0.001	0.157
108.1	0.002	0.001	0.157
108.3	0.001	0.001	0.157
108.4	0.001	0.001	0.157
108.5	0.002	0.001	0.157
108.7	0.004	0.001	0.157
108.8	0.005	0.001	0.157
108.9	0.006	0.009	0.315
109.1	0.006	0.001	0.157
109.2	0.004	0.001	0.157
109.3	0.003	0.001	0.157
109.5	0.002	0.001	0.315
109.6	0.002	0.001	0.157
109.7	0.002	0.001	0.315
109.9	0.003	0.001	0.157
110.0	0.002	0.001	0.157
110.1	0.002	0.001	0.315
110.3	0.002	0.001	0.315
110.4	0.002	0.001	0.157
110.5	0.002	0.001	0.315
110.7	0.002	0.001	0.157
110.8	0.002	0.001	0.157
110.9	0.002	0.001	0.157
111.1	0.002	0.001	0.315
111.2	0.002	0.001	0.157
111.3	0.002	0.001	0.157
111.5	0.002	0.001	0.157
111.6	0.002	0.001	0.157
111.7	0.002	0.001	0.315
111.9	0.002	0.001	0.315
112.0	0.002	0.001	0.157
112.1	0.002	0.001	0.157
112.3	0.002	0.001	0.157
112.4	0.002	0.001	0.157
112.5	0.002	0.001	0.315
112.7	0.002	0.001	0.157
112.8	0.002	0.001	0.157
112.9	0.002	0.001	0.157
113.1	0.002	0.001	0.157
113.2	0.002	0.001	0.157
113.3	0.002	0.001	0.315
113.5	0.002	0.001	0.157
113.6	0.002	0.001	0.157
113.7	0.002	0.001	0.157
113.9	0.003	0.001	0.157
114.0	0.003	0.001	0.157
114.1	0.003	0.001	0.315
114.3	0.003	0.001	0.157
114.4	0.003	0.001	0.157
114.5	0.003	0.001	0.157
114.7	0.003	0.001	0.157
114.8	0.003	0.001	0.157
114.9	0.003	0.001	0.157
115.1	0.003	0.001	0.157
115.2	0.003	0.001	0.157
115.3	0.003	0.001	0.157
115.5	0.003	0.001	0.157
115.6	0.003	0.001	0.157
115.7	0.003	0.001	0.157
115.9	0.003	0.001	0.157
116.0	0.003	0.001	0.157
116.1	0.003	0.001	0.315
116.3	0.003	0.001	0.157
116.4	0.003	0.001	0.157
116.5	0.003	0.001	0.157
116.7	0.003	0.001	0.157
116.8	0.003	0.001	0.157
116.9	0.003	0.001	0.315
117.1	0.003	0.001	0.157
117.2	0.004	0.001	0.157
117.3	0.005	0.001	0.157
117.5	0.005	0.001	0.157
117.6	0.006	-0.007	0.157
117.7	0.007	0.001	0.157
117.9	0.009	0.009	0.157
118.0	0.011	0.009	0.157
118.1	0.012	0.001	0.157
118.3	0.011	-0.007	0.157
118.4	0.009	-0.007	0.157
118.5	0.006	-0.007	0.157
118.7	0.005	0.001	0.157
118.8	0.005	0.001	0.157
118.9	0.006	0.009	0.157
119.1	0.007	0.001	0.157
119.2	0.006	0.001	0.157
119.3	0.005	0.001	0.157
119.5	0.004	0.001	0.157
119.6	0.004	0.001	0.157
119.7	0.004	0.001	0.315
119.9	0.004	0.001	0.157
120.0	0.004	0.001	0.157
120.1	0.004	0.001	0.157
120.3	0.004	0.001	0.157
120.4	0.004	0.001	0.157
120.6	0.004	0.001	0.157
120.7	0.004	0.001	0.157
120.8	0.004	0.001	0.315
121.0	0.004	0.001	0.157
121.1	0.004	0.001	0.157
121.2	0.004	0.001	0.157
121.4	0.005	0.001	0.315
121.5	0.005	0.001	0.315
121.6	0.004	0.001	0.157
121.8	0.004	0.001	0.315
121.9	0.004	0.001	0.157
122.0	0.005	0.001	0.157
122.2	0.005	0.001	0.157
122.3	0.005	0.001	0.157
122.4	0.005	0.001	0.157
122.6	0.004	0.001	0.157
122.7	0.005	0.001	0.157
122.8	0.006	0.001	0.157
123.0	0.007	0.001	0.157
123.1	0.008	0.001	0.157
123.2	0.007	-0.007	0.157
123.4	0.005	0.001	0.157
123.5	0.004	0.001	0.157
123.6	0.003	0.001	0.157
123.8	0.004	0.001	0.157
123.9	0.005	0.001	0.157
124.0	0.005	0.001	0.157
124.2	0.005	0.001	0.315
124.3	0.005	0.001	0.157
124.4	0.005	0.001	0.157
124.6	0.005	0.001	0.157
124.7	0.005	0.001	0.315
124.8	0.005	0.001	0.157
125.0	0.005	0.001	0.157
125.1	0.005	0.001	0.157
125.2	0.005	0.001	0.157
125.4	0.005	0.001	0.315
125.5	0.006	0.001	0.315
125.6	0.006	0.001	0.157
125.8	0.006	0.001	0.315
125.9	0.006	0.001	0.157
126.0	0.006	0.001	0.157
126.2	0.006	0.001	0.315
126.3	0.006	0.001	0.157
126.4	0.006	0.001	0.157
126.6	0.006	0.001	0.157
126.7	0.006	0.001	0.157
126.8	0.006	0.001	0.157
127.0	0.007	0.001	0.315
127.1	0.007	0.001	0.157
127.2	0.007	0.001	0.157
127.4	0.007	0.001	0.157
127.5	0.007	0.001	0.157
127.6	0.007	0.001	0.157
127.8	0.007	0.001	0.315
127.9	0.007	0.001	0.157
128.0	0.007	0.001	0.157
128.2	0.007	0.001	0.157
128.3	0.008	0.001	0.157
128.4	0.008	0.001	0.157
128.6	0.008	0.001	0.315
128.7	0.008	0.001	0.157
128.8	0.008	0.001	0.157
129.0	0.008	0.001	0.157
129.1	0.008	0.001	0.157
129.2	0.009	0.001	0.157
129.4	0.009	0.001	0.157
129.5	0.009	0.001	0.157
129.6	0.009	0.001	0.157
129.8	0.009	0.001	0.157
129.9	0.009	0.001	0.157
130.0	0.010	0.001	0.157
130.2	0.010	0.001	0.157
130.3	0.010	0.001	0.157
130.4	0.010	0.001	0.315
130.6	0.010	0.001	0.157
130.7	0.011	0.001	0.157
130.8	0.011	0.001	0.157
131.0	0.011	0.001	0.157
131.1	0.011	0.001	0.315
131.2	0.011	0.001	0.157
131.4	0.012	0.001	0.157
131.5	0.012	0.001	0.157
131.6	0.012	0.001	0.157
131.8	0.012	0.001	0.157
131.9	0.013	0.001	0.157
132.0	0.013	0.001	0.157
132.2	0.014	0.001	0.157
132.3	0.014	0.001	0.157
132.4	0.015	0.001	0.157
132.6	0.015	0.001	0.315
132.7	0.015	0.001	0.157
132.8	0.016	0.001	0.157
133.0	0.017	0.001	0.157
133.1	0.018	0.001	0.157
133.2	0.018	0.001	0.157
133.4	0.017	0.001	0.157
