# I B
# A mT
  0  6.881
  1  199.8
  2  286.5
  3  399.1
  4  473.1
  5  525.4
  6  567.3
  7  602.7
  8  633.2
  9  661.0
  10  686.5
  9   668.7
  8   651.0
  7   630.8
  6   607.0
  5   578.0
  4   542.5
  3   498.8
  2   430.2
  1   302.4
  0   123.3
  -0.7   -0.007
  -1    -97.6
  -2   -236.5
  -3   -366.2
  -4   -456.9
  -5   -518.4
  -6   -563.7
  -7   -601.0
  -8   -631.9
  -9   -659.2
  -10  -683.8
  -9     -666.9
  -8     -649.0
  -7     -629.2
  -6     -604.7
  -5     -576.5
  -4     -541.6
  -3     -497.2
  -2     -431.7
  -1     -296.2
  -0     -126.9
  0.6        -0.007
  1          65.42
  2         238.8
  3         366.5
  4         454.5
  5         514.9
  6         561.6
  7         597.9
  8         629.4
  9         655.8
  10        680.0
