  0      3.88
  1     91.8
  2    257.9
  3    387.8
  4    471.1
  5    531.4
  6    577.1
  7    613.7
  8    646.8
  9    679.1
 10    699.4
  9    683.3
  8    665.7
  7    645.5
  6    621.4
  5    589.9
  4    555.9
  3    509.4
  2    445,0
  1    305.9
  0    125.9
 -0.7    0
 -1    -57.3
 -2   -246.1
 -3   -391.8
 -4   -465.9
 -5   -530.54
 -6   -574.8
 -7   -611.7
 -8   -644.1
 -9   -673.8
-10   -696.6
 -9   -681.4
 -8   -663.0
 -7   -643.1
 -6   -619.0
 -5   -590.0
 -4   -553.0
 -3   -507.7
 -2   -442.0
 -1   -308.9
  0   -123.8
  0.6    0
  1     66.0
  2    238.2
  3    372.9
  4    466.6
  5    532.1
  6    575.0
  7    612.2
  8    642.8
  9    671.2
 10    696.4
