#doppel2 Int2
17    0.105
17.5  0.11
18    0.19
18.5  0.14
19    0.125
19.5  0.082
20    0.0265
20.5  0.066
21    0.19
21.5  0.39
22    0.7
22.1  0.9
22.2  0.8
22.3  0.95
22.4  1.025
22.5  1.4
22.6  1.45
22.7  1.75
22.8  2.05
22.9  2.24
23    2.64
23.1  2.31
23.2  2.25
23.3  2.45
23.4  2.23
23.5  2.35
23.6  2.65
23.7  2.8
23.8  3.1
23.9  3.4
24    3.4
24.1  3.4
24.2  3.2
24.3  3.0
24.4  2.95
24.5  2.95
24.6  3.05
24.7  3.4
24.8  3.6
24.9  3.8
25    3.9
25.1  3,8
25.2  3.6
25.3  3.3
25.4  3.0
25.5  2.85
25.6  2.8
25.7  2.9
25.8  3.0
25.9  3.1
26    3.1
26.1  3.0
26.2  2.8
26.3  2.5
26.4  2.2
26.5  2.0
26.6  1.8
26.7  1.65
26.8  1.7
26.9  1.65
27    1.65
27.5  1.0
28    0.7
28.5  0.27
29    0.095
29.5  0.057
30    0.06
30.5  0.11
31    0.175
31.5  0.16
32    0.175
32.5  0.095
33    0.076
33.5  0.029
34    0.013
