# f Amplitude
# MHz mV
0,0000	0,006
0,0098	1,972
0,0195	1,336
0,0293	1,398
0,0391	1,675
0,0488	1,122
0,0586	1,853
0,0684	1,243
0,0781	1,874
0,0879	1,630
0,0977	1,250
0,1074	1,876
0,1172	1,490
0,1270	1,849
0,1367	1,407
0,1465	1,648
0,1563	1,751
0,1660	1,210
0,1758	1,994
0,1855	1,646
0,1953	1,348
0,2051  1,496
0,2148	1,460
0,2246	1,825
0,2344	1,176
0,2441	1,485
0,2539  2,084
0,2637	1,179
0,2734	1,489
0,2832	1,611
0,2930	1,640
0,3027	1,654
0,3125	1,303
0,3223	2,121
0,3320	2,092
0,3418	1,657
0,3516	2,333
0,3613 2,278
0,3711 2,456
0,3809	2,263
0,3906 2,779
0,4004	3,221
0,4102	2,329
0,4199	3,033
0,4297	3,353
0,4395	3,070
0,4492	3,103
0,4590	3,171
0,4688	3,698
0,4785	3,062
0,4883	3,089
0,4980	3,871
0,5078 3,445
0,5176	3,075
0,5273	3,212
0,5371 3,697
0,5469	3,097
0,5566	2,877
0,5664	3,418
0,5762	3,128
0,5859	2,601
0,5957	2,655
0,6055	3,177
0,6152	2,343
0,6250	2,184
0,6348	2,642
0,6445	2,214
0,6543	1,864
0,6641	1,401
0,6738	2,480
0,6836	1,212
0,6934	0,968
0,7031	1,365
0,7129	0,635
0,7227	0,597
0,7324	0,463
0,7422	0,667
0,7520	1,666
0,7617	1,938
0,7715	0,629
0,7813	2,034
0,7910	1,804
0,8008	3,001
0,8105 2,773
0,8203	3,185
0,8301	4,866
0,8398	2,216
0,8496 4,001
0,8594	3,949
0,8691	3,945
0,8789 4,893
0,8887 3,528
0,8984	6,266
0,9082	3,419
0,9180	5,152
0,9277 5,973
0,9375	5,015
0,9473	6,828
0,9570	4,012
0,9668	7,178
0,9766 4,931
0,9863	6,067
0,9961	7,119
1,0059 4,828
1,0156	6,980
1,0254 3,892
1,0352 7,094
1,0449 6,284
1,0547	6,503
1,0645 7,743
1,0742 3,971
1,0840 6,502
1,0938	4,631
1,1035	6,435
1,1133	6,432
1,1230 4,832
1,1328	6,391
1,1426	0,823
1,1523 4,966
1,1621	2,990
1,1719	4,630
1,1816 2,452
1,1914 4,504
1,2012	3,654
1,2109	1,530
1,2207 3,897
1,2305	0,328
1,2402 3,163
1,2500	3,102
1,2598	5,810
1,2695	3,790
1,2793	5,138
1,2891	4,489
1,2988	3,861
1,3086	3,110
1,3184	7,502
1,3281	8,121
1,3379	3,641
1,3477	11,274
1,3574	12,846
1,3672	8,919
1,3770 10,952
1,3867 7,487
1,3965	12,430
1,4063	5,965
1,4160 17,335
1,4258 15,047
1,4355	12,198
1,4453	14,085
1,4551	5,822
1,4648 15,767
1,4746 6,208
1,4844 22,964
1,4941	18,657
1,5039	12,543
1,5137	22,542
1,5234 4,800
1,5332 20,493
1,5430	8,971
1,5527	25,924
1,5625	24,659
1,5723	11,667
1,5820	24,494
1,5918	21,513
1,6016	9,462
1,6113	18,144
1,6211 9,092
1,6309	24,529
1,6406	19,368
1,6504 12,736
1,6602 18,694
1,6699	5,737
1,6797	11,812
1,6895 7,955
1,6992 14,176
1,7090	19,168
1,7188	10,800
1,7285	12,944
1,7383 11,848
1,7480 5,029
1,7578	3,681
1,7676	13,117
1,7773 15,401
1,7871 10,894
1,7969	16,204
1,8066	16,067
1,8164	6,098
1,8262	13,025
1,8359	5,846
1,8457	14,344
1,8555	4,568
1,8652	16,518
1,8750	16,429
1,8848 5,265
1,8945	14,536
1,9043	6,067
1,9141	13,890
1,9238	1,003
1,9336 16,600
1,9434 18,569
1,9531 2,461
1,9629	17,065
1,9727 13,337
1,9824	11,927
1,9922 6,634
2,0020 18,905
2,0117 21,160
2,0215 2,896
2,0313	18,365
2,0410 21,016
2,0508	7,479
2,0605 15,327
2,0703	12,867
2,0801	19,908
2,0898	5,243
2,0996	14,528
2,1094	19,342
2,1191 5,656
2,1289 12,798
2,1387 9,093
2,1484 16,623
2,1582	7,150
2,1680	10,198
2,1777 17,964
2,1875 6,929
2,1973 8,661
2,2070 9,219
2,2168	10,431
2,2266	4,832
2,2363	8,662
2,2461	12,400
2,2559	5,536
2,2656	6,539
2,2754 9,373
2,2852 2,529
2,2949 3,214
2,3047	4,130
2,3145	7,316
2,3242	3,857
2,3340	3,829
2,3438 5,603
2,3535 0,711
2,3633 0,357
2,3730 3,890
2,3828 3,913
2,3926 3,144
2,4023	5,908
2,4121	6,076
2,4219	2,909
2,4316	5,209
2,4414 3,663
2,4512 2,211
2,4609 2,869
2,4707 6,138
2,4805	5,739
2,4902	2,162
2,5000	7,091
2,5098	3,788
2,5195	3,014
2,5293	2,326
2,5391	5,625
2,5488 5,845
2,5586 0,553
2,5684	6,814
2,5781	5,226
2,5879	2,651
2,5977 3,324
2,6074 5,503
2,6172	6,012
2,6270 0,464
2,6367 6,815
2,6465 7,004
2,6563	0,717
2,6660	4,526
2,6758 4,867
2,6855 4,404
2,6953 0,459
2,7051	6,351
2,7148 7,109
2,7246 0,587
2,7344 5,853
2,7441	4,327
2,7539	4,563
2,7637	1,474
2,7734	5,824
2,7832 7,067
2,7930 1,288
2,8027 5,220
2,8125	5,117
2,8223	4,300
2,8320	1,778
2,8418 5,266
2,8516 7,262
2,8613 2,889
2,8711	5,409
2,8809	6,849
2,8906	3,405
2,9004	2,009
2,9102 4,434
2,9199 6,636
2,9297	3,537
2,9395 3,112
2,9492 6,178
2,9590	3,780
2,9688	2,570
2,9785	2,516
2,9883	5,126
2,9980 3,776
3,0078	1,115
3,0176	3,677
3,0273 3,528
3,0371 2,290
3,0469	1,081
3,0566	3,647
3,0664 2,513
3,0762 0,965
3,0859 1,952
3,0957	2,210
3,1055 2,004
3,1152 0,493
3,1250	2,062
3,1348	2,009
3,1445	0,752
3,1543 1,378
3,1641 0,924
3,1738	2,144
3,1836	1,132
3,1934	1,183
3,2031	2,300
3,2129	1,041
3,2227	1,385
3,2324 1,386
3,2422 1,890
3,2520 3,022
3,2617 1,282
3,2715	2,452
3,2813	3,070
3,2910	2,143
3,3008 3,040
3,3105 2,365
3,3203	4,080
3,3301	3,215
3,3398	2,646
3,3496 4,348
3,3594 3,044
3,3691	3,724
3,3789	3,256
3,3887	4,137
3,3984 4,320
3,4082 3,258
3,4180 5,070
3,4277 4,080
3,4375	4,440
3,4473 4,481
3,4570 4,428
3,4668 5,279
3,4766 3,763
3,4863 5,620
3,4961 4,828
3,5059 4,419
3,5156 5,000
3,5254 4,192
3,5352	5,197
3,5449	3,601
3,5547	4,900
3,5645	4,548
3,5742 3,496
3,5840	4,520
3,5938	3,466
3,6035	3,981
3,6133 2,846
3,6230 3,729
3,6328	3,734
3,6426	2,033
3,6523 3,275
3,6621 2,189
3,6719 2,623
3,6816	1,744
3,6914 2,233
3,7012	2,452
3,7109	0,428
3,7207	2,001
3,7305	1,057
3,7402	1,065
3,7500 0,760
3,7598 0,910
3,7695	1,181
3,7793	1,153
3,7891	0,984
3,7988 1,003
3,8086 0,871
3,8184	0,636
3,8281 1,204
3,8379 0,507
3,8477 2,297
3,8574	0,991
3,8672	1,603
3,8770	2,121
3,8867	1,129
3,8965	2,043
3,9063	1,023
3,9160	3,002
3,9258 1,661
3,9355	2,076
3,9453 2,935
3,9551 1,436
3,9648 2,474
3,9746 1,458
3,9844 2,969
3,9941 1,982
4,0039	1,893
4,0137	3,255
4,0234	1,234
4,0332	2,487
4,0430 1,782
4,0527 2,601
4,0625 1,888
4,0723 1,763
4,0820	3,109
4,0918	1,122
4,1016	2,253
4,1113	1,864
4,1211 1,888
4,1309 1,543
4,1406 1,383
4,1504	2,693
4,1602	0,802
4,1699	1,504
4,1797 1,541
4,1895 1,211
4,1992	0,949
4,2090	1,101
4,2188 1,832
4,2285 0,676
4,2383	1,246
4,2480	1,260
4,2578	0,314
4,2676 0,446
4,2773 0,817
4,2871 0,860
4,2969 0,249
4,3066	0,920
4,3164 1,003
4,3262	0,448
4,3359	0,913
4,3457	0,616
4,3555	0,174
4,3652	0,515
4,3750 0,845
4,3848 0,446
4,3945 1,031
4,4043 1,799
4,4141	0,349
4,4238	1,534
4,4336	1,198
4,4434 1,043
4,4531	1,058
4,4629	1,586
4,4727	2,623
4,4824	0,384
4,4922	2,464
4,5020 2,040
4,5117	1,363
4,5215	1,803
4,5313 1,662
4,5410 3,309
4,5508	0,649
4,5605 3,662
4,5703	2,788
4,5801 1,672
4,5898	3,079
4,5996 1,701
4,6094 4,215
4,6191	0,952
4,6289	4,433
4,6387 3,833
4,6484 1,917
4,6582	4,152
4,6680	1,713
4,6777	4,765
4,6875	1,742
4,6973	4,683
4,7070	4,707
4,7168	1,636
4,7266	5,060
4,7363	1,533
4,7461 4,788
4,7559	2,239
4,7656 4,475
4,7754 5,249
4,7852	1,099
4,7949	5,544
4,8047 1,762
4,8145 4,394
4,8242	2,801
4,8340	3,823
4,8438 4,949
4,8535	1,171
4,8633 5,579
4,8730 2,010
4,8828	3,865
4,8926 2,751
4,9023 3,101
4,9121 4,728
4,9219 1,711
4,9316	5,485
4,9414	2,120
4,9512	3,831
4,9609 2,868
4,9707	2,961
4,9805	4,264
4,9902 1,956
5,0000 5,782
