#	Temperatur 7 (°C)	Temperatur 8 (°C)	Zeit (s)
1	30.58	26.97	0.0000
2	30.61	26.99	2.0000
3	30.64	27.00	4.0000
4	30.69	27.02	6.0000
5	30.80	27.04	8.0000
6	30.99	27.06	10.0000
7	31.27	27.07	12.0000
8	31.63	27.09	14.0000
9	32.07	27.11	16.0000
10	32.57	27.13	18.0000
11	33.12	27.15	20.0000
12	33.71	27.17	22.0000
13	34.32	27.19	24.0000
14	34.95	27.21	26.0000
15	35.60	27.24	28.0000
16	36.24	27.26	30.0000
17	36.90	27.29	32.0000
18	37.54	27.33	34.0000
19	38.18	27.36	36.0000
20	38.81	27.40	38.0000
21	39.43	27.45	40.0000
22	40.04	27.49	42.0000
23	40.63	27.54	44.0000
24	41.20	27.59	46.0000
25	41.76	27.65	48.0000
26	42.31	27.71	50.0000
27	42.84	27.78	52.0000
28	43.36	27.85	54.0000
29	43.86	27.93	56.0000
30	44.34	28.01	58.0000
31	44.81	28.09	60.0000
32	45.27	28.18	62.0000
33	45.71	28.27	64.0000
34	46.13	28.36	66.0000
35	46.54	28.46	68.0000
36	46.94	28.56	70.0000
37	47.33	28.67	72.0000
38	47.70	28.77	74.0000
39	48.06	28.88	76.0000
40	48.40	29.00	78.0000
41	48.74	29.11	80.0000
42	49.06	29.23	82.0000
43	49.37	29.34	84.0000
44	49.64	29.47	86.0000
45	49.86	29.58	88.0000
46	49.99	29.71	90.0000
47	50.04	29.83	92.0000
48	49.99	29.96	94.0000
49	49.88	30.08	96.0000
50	49.70	30.21	98.0000
51	49.47	30.33	100.0000
52	49.20	30.46	102.0000
53	48.89	30.58	104.0000
54	48.56	30.71	106.0000
55	48.22	30.84	108.0000
56	47.86	30.95	110.0000
57	47.49	31.08	112.0000
58	47.12	31.19	114.0000
59	46.75	31.30	116.0000
60	46.38	31.41	118.0000
61	46.02	31.52	120.0000
62	45.67	31.63	122.0000
63	45.32	31.73	124.0000
64	44.99	31.82	126.0000
65	44.66	31.91	128.0000
66	44.34	32.00	130.0000
67	44.04	32.09	132.0000
68	43.74	32.16	134.0000
69	43.46	32.24	136.0000
70	43.19	32.31	138.0000
71	42.93	32.38	140.0000
72	42.67	32.44	142.0000
73	42.43	32.49	144.0000
74	42.20	32.55	146.0000
75	41.97	32.59	148.0000
76	41.77	32.64	150.0000
77	41.54	32.67	152.0000
78	41.35	32.71	154.0000
79	41.17	32.76	156.0000
80	41.00	32.79	158.0000
81	40.83	32.82	160.0000
82	40.67	32.85	162.0000
83	40.51	32.88	164.0000
84	40.36	32.90	166.0000
85	40.22	32.92	168.0000
86	40.09	32.95	170.0000
87	39.96	32.96	172.0000
88	39.84	32.98	174.0000
89	39.72	32.99	176.0000
90	39.61	33.00	178.0000
91	39.50	33.01	180.0000
92	39.40	33.02	182.0000
93	39.30	33.03	184.0000
94	39.21	33.03	186.0000
95	39.12	33.04	188.0000
96	39.03	33.04	190.0000
97	38.96	33.05	192.0000
98	38.88	33.05	194.0000
99	38.81	33.05	196.0000
100	38.73	33.05	198.0000
101	38.67	33.05	200.0000
102	38.61	33.05	202.0000
103	38.55	33.05	204.0000
104	38.52	33.05	206.0000
105	38.53	33.05	208.0000
106	38.63	33.04	210.0000
107	38.82	33.04	212.0000
108	39.09	33.04	214.0000
109	39.43	33.04	216.0000
110	39.85	33.04	218.0000
111	40.31	33.04	220.0000
112	40.82	33.03	222.0000
113	41.35	33.04	224.0000
114	41.91	33.04	226.0000
115	42.48	33.04	228.0000
116	43.07	33.05	230.0000
117	43.65	33.06	232.0000
118	44.24	33.07	234.0000
119	44.81	33.08	236.0000
120	45.38	33.10	238.0000
121	45.95	33.12	240.0000
122	46.50	33.15	242.0000
123	47.03	33.18	244.0000
124	47.56	33.21	246.0000
125	48.07	33.24	248.0000
126	48.57	33.29	250.0000
127	49.06	33.34	252.0000
128	49.47	33.36	254.0000
129	49.93	33.42	256.0000
130	50.38	33.48	258.0000
131	50.81	33.55	260.0000
132	51.22	33.62	262.0000
133	51.62	33.70	264.0000
134	52.01	33.77	266.0000
135	52.39	33.85	268.0000
136	52.74	33.93	270.0000
137	53.09	34.01	272.0000
138	53.43	34.10	274.0000
139	53.75	34.20	276.0000
140	54.07	34.28	278.0000
141	54.36	34.39	280.0000
142	54.65	34.48	282.0000
143	54.93	34.58	284.0000
144	55.20	34.68	286.0000
145	55.46	34.78	288.0000
146	55.72	34.89	290.0000
147	55.97	35.00	292.0000
148	56.21	35.11	294.0000
149	56.44	35.22	296.0000
150	56.66	35.33	298.0000
151	56.88	35.44	300.0000
152	57.08	35.56	302.0000
153	57.28	35.67	304.0000
154	57.45	35.78	306.0000
155	57.57	35.90	308.0000
156	57.61	36.01	310.0000
157	57.57	36.12	312.0000
158	57.45	36.24	314.0000
159	57.26	36.36	316.0000
160	57.01	36.47	318.0000
161	56.70	36.58	320.0000
162	56.36	36.69	322.0000
163	55.99	36.81	324.0000
164	55.60	36.92	326.0000
165	55.19	37.03	328.0000
166	54.76	37.13	330.0000
167	54.34	37.23	332.0000
168	53.91	37.33	334.0000
169	53.49	37.43	336.0000
170	53.08	37.52	338.0000
171	52.66	37.61	340.0000
172	52.25	37.70	342.0000
173	51.86	37.79	344.0000
174	51.48	37.86	346.0000
175	51.10	37.93	348.0000
176	50.74	38.00	350.0000
177	50.40	38.07	352.0000
178	50.06	38.13	354.0000
179	49.73	38.18	356.0000
180	49.42	38.24	358.0000
181	49.13	38.28	360.0000
182	48.83	38.32	362.0000
183	48.55	38.36	364.0000
184	48.29	38.40	366.0000
185	48.03	38.43	368.0000
186	47.78	38.46	370.0000
187	47.55	38.49	372.0000
188	47.32	38.51	374.0000
189	47.10	38.53	376.0000
190	46.90	38.54	378.0000
191	46.70	38.55	380.0000
192	46.51	38.57	382.0000
193	46.32	38.58	384.0000
194	46.15	38.58	386.0000
195	45.98	38.58	388.0000
196	45.81	38.58	390.0000
197	45.66	38.59	392.0000
198	45.51	38.58	394.0000
199	45.37	38.57	396.0000
200	45.23	38.57	398.0000
201	45.10	38.56	400.0000
202	44.98	38.55	402.0000
203	44.86	38.55	404.0000
204	44.76	38.54	406.0000
205	44.72	38.52	408.0000
206	44.77	38.51	410.0000
207	44.90	38.50	412.0000
208	45.11	38.49	414.0000
209	45.41	38.47	416.0000
210	45.77	38.46	418.0000
211	46.18	38.45	420.0000
212	46.63	38.43	422.0000
213	47.11	38.42	424.0000
214	47.61	38.41	426.0000
215	48.14	38.39	428.0000
216	48.66	38.38	430.0000
217	49.20	38.38	432.0000
218	49.74	38.38	434.0000
219	50.27	38.38	436.0000
220	50.80	38.38	438.0000
221	51.32	38.38	440.0000
222	51.83	38.40	442.0000
223	52.32	38.41	444.0000
224	52.80	38.43	446.0000
225	53.27	38.45	448.0000
226	53.74	38.48	450.0000
227	54.18	38.51	452.0000
228	54.61	38.54	454.0000
229	55.03	38.58	456.0000
230	55.43	38.63	458.0000
231	55.82	38.67	460.0000
232	56.20	38.72	462.0000
233	56.56	38.78	464.0000
234	56.91	38.83	466.0000
235	57.25	38.90	468.0000
236	57.58	38.96	470.0000
237	57.89	39.03	472.0000
238	58.19	39.10	474.0000
239	58.49	39.17	476.0000
240	58.77	39.25	478.0000
241	59.04	39.33	480.0000
242	59.30	39.41	482.0000
243	59.55	39.49	484.0000
244	59.80	39.57	486.0000
245	60.03	39.66	488.0000
246	60.27	39.76	490.0000
247	60.35	39.78	492.0000
248	60.54	39.86	494.0000
249	60.79	39.98	496.0000
250	61.02	40.09	498.0000
251	61.24	40.19	500.0000
252	61.43	40.29	502.0000
253	61.61	40.39	504.0000
254	61.76	40.49	506.0000
255	61.86	40.59	508.0000
256	61.88	40.70	510.0000
257	61.82	40.80	512.0000
258	61.67	40.90	514.0000
259	61.46	40.99	516.0000
260	61.19	41.09	518.0000
261	60.87	41.19	520.0000
262	60.51	41.29	522.0000
263	60.12	41.38	524.0000
264	59.71	41.48	526.0000
265	59.29	41.57	528.0000
266	58.86	41.66	530.0000
267	58.42	41.75	532.0000
268	57.98	41.83	534.0000
269	57.55	41.92	536.0000
270	57.12	41.99	538.0000
271	56.70	42.07	540.0000
272	56.28	42.14	542.0000
273	55.88	42.21	544.0000
274	55.49	42.27	546.0000
275	55.10	42.33	548.0000
276	54.73	42.39	550.0000
277	54.38	42.43	552.0000
278	54.03	42.48	554.0000
279	53.69	42.52	556.0000
280	53.37	42.56	558.0000
281	53.06	42.60	560.0000
282	52.75	42.61	562.0000
283	52.47	42.64	564.0000
284	52.18	42.66	566.0000
285	51.92	42.68	568.0000
286	51.66	42.70	570.0000
287	51.42	42.70	572.0000
288	51.18	42.71	574.0000
289	50.96	42.72	576.0000
290	50.74	42.73	578.0000
291	50.53	42.72	580.0000
292	50.32	42.73	582.0000
293	50.13	42.72	584.0000
294	49.94	42.71	586.0000
295	49.76	42.69	588.0000
296	49.59	42.69	590.0000
297	49.42	42.67	592.0000
298	49.26	42.66	594.0000
299	49.12	42.65	596.0000
300	48.97	42.63	598.0000
301	48.83	42.62	600.0000
302	48.69	42.60	602.0000
303	48.56	42.57	604.0000
304	48.45	42.55	606.0000
305	48.41	42.53	608.0000
306	48.44	42.50	610.0000
307	48.56	42.48	612.0000
308	48.78	42.45	614.0000
309	49.06	42.43	616.0000
310	49.40	42.40	618.0000
311	49.80	42.38	620.0000
312	50.23	42.35	622.0000
313	50.71	42.33	624.0000
314	51.20	42.31	626.0000
315	51.72	42.29	628.0000
316	52.24	42.27	630.0000
317	52.76	42.26	632.0000
318	53.28	42.24	634.0000
319	53.79	42.23	636.0000
320	54.31	42.23	638.0000
321	54.82	42.22	640.0000
322	55.32	42.23	642.0000
323	55.80	42.22	644.0000
324	56.27	42.24	646.0000
325	56.73	42.24	648.0000
326	57.18	42.27	650.0000
327	57.60	42.28	652.0000
328	58.03	42.31	654.0000
329	58.43	42.34	656.0000
330	58.83	42.37	658.0000
331	59.21	42.41	660.0000
332	59.57	42.45	662.0000
333	59.93	42.49	664.0000
334	60.25	42.54	666.0000
335	60.58	42.59	668.0000
336	60.90	42.65	670.0000
337	61.21	42.71	672.0000
338	61.51	42.77	674.0000
339	61.79	42.83	676.0000
340	62.07	42.90	678.0000
341	62.34	42.97	680.0000
342	62.59	43.05	682.0000
343	62.75	43.08	684.0000
344	63.00	43.17	686.0000
345	63.25	43.26	688.0000
346	63.46	43.33	690.0000
347	63.66	43.39	692.0000
348	63.87	43.49	694.0000
349	64.09	43.58	696.0000
350	64.28	43.67	698.0000
351	64.47	43.76	700.0000
352	64.66	43.85	702.0000
353	64.82	43.93	704.0000
354	64.91	44.00	706.0000
355	64.97	44.07	708.0000
356	65.00	44.17	710.0000
357	64.95	44.27	712.0000
358	64.81	44.36	714.0000
359	64.60	44.44	716.0000
360	64.33	44.54	718.0000
361	64.01	44.63	720.0000
362	63.64	44.72	722.0000
363	63.26	44.80	724.0000
364	62.84	44.89	726.0000
365	62.41	44.98	728.0000
366	61.98	45.06	730.0000
367	61.53	45.14	732.0000
368	61.09	45.21	734.0000
369	60.64	45.29	736.0000
370	60.21	45.36	738.0000
371	59.78	45.43	740.0000
372	59.35	45.49	742.0000
373	58.94	45.55	744.0000
374	58.54	45.60	746.0000
375	58.16	45.65	748.0000
376	57.78	45.70	750.0000
377	57.41	45.75	752.0000
378	57.05	45.78	754.0000
379	56.71	45.81	756.0000
380	56.38	45.84	758.0000
381	56.06	45.87	760.0000
382	55.75	45.89	762.0000
383	55.46	45.91	764.0000
384	55.17	45.92	766.0000
385	54.90	45.93	768.0000
386	54.64	45.93	770.0000
387	54.38	45.95	772.0000
388	54.13	45.94	774.0000
389	53.90	45.94	776.0000
390	53.67	45.93	778.0000
391	53.46	45.93	780.0000
392	53.25	45.92	782.0000
393	53.05	45.90	784.0000
394	52.85	45.89	786.0000
395	52.67	45.87	788.0000
396	52.49	45.86	790.0000
397	52.31	45.84	792.0000
398	52.15	45.81	794.0000
399	51.99	45.79	796.0000
400	51.84	45.77	798.0000
401	51.69	45.74	800.0000
402	51.54	45.72	802.0000
403	51.41	45.69	804.0000
404	51.30	45.65	806.0000
405	51.24	45.63	808.0000
406	51.27	45.59	810.0000
407	51.38	45.56	812.0000
408	51.59	45.53	814.0000
409	51.86	45.49	816.0000
410	52.19	45.46	818.0000
411	52.59	45.43	820.0000
412	53.02	45.41	822.0000
413	53.49	45.37	824.0000
414	53.98	45.34	826.0000
415	54.48	45.31	828.0000
416	54.99	45.29	830.0000
417	55.51	45.27	832.0000
418	56.03	45.24	834.0000
419	56.54	45.23	836.0000
420	57.05	45.22	838.0000
421	57.54	45.20	840.0000
422	58.03	45.20	842.0000
423	58.51	45.19	844.0000
424	58.98	45.19	846.0000
425	59.43	45.20	848.0000
426	59.86	45.20	850.0000
427	60.28	45.22	852.0000
428	60.68	45.23	854.0000
429	61.09	45.25	856.0000
430	61.47	45.28	858.0000
431	61.85	45.31	860.0000
432	62.20	45.34	862.0000
433	62.55	45.38	864.0000
434	62.89	45.42	866.0000
435	63.06	45.38	868.0000
436	63.19	45.32	870.0000
437	63.56	45.43	872.0000
438	63.91	45.52	874.0000
439	64.23	45.60	876.0000
440	64.52	45.68	878.0000
441	64.79	45.75	880.0000
442	65.05	45.82	882.0000
443	65.29	45.89	884.0000
444	65.53	45.96	886.0000
445	65.75	46.02	888.0000
446	65.97	46.10	890.0000
447	66.18	46.18	892.0000
448	66.38	46.26	894.0000
449	66.57	46.33	896.0000
450	66.76	46.41	898.0000
451	66.94	46.49	900.0000
452	67.12	46.57	902.0000
453	67.28	46.66	904.0000
454	67.38	46.71	906.0000
455	67.48	46.81	908.0000
456	67.49	46.89	910.0000
457	67.42	46.97	912.0000
458	67.28	47.06	914.0000
459	67.05	47.14	916.0000
460	66.77	47.23	918.0000
461	66.44	47.30	920.0000
462	66.07	47.39	922.0000
463	65.68	47.47	924.0000
464	65.26	47.56	926.0000
465	64.83	47.63	928.0000
466	64.39	47.70	930.0000
467	63.94	47.78	932.0000
468	63.49	47.84	934.0000
469	63.03	47.91	936.0000
470	62.59	47.97	938.0000
471	62.15	48.04	940.0000
472	61.73	48.10	942.0000
473	61.32	48.14	944.0000
474	60.91	48.20	946.0000
475	60.52	48.24	948.0000
476	60.13	48.28	950.0000
477	59.76	48.32	952.0000
478	59.40	48.35	954.0000
479	59.06	48.38	956.0000
480	58.73	48.40	958.0000
481	58.40	48.41	960.0000
482	58.08	48.43	962.0000
483	57.79	48.44	964.0000
484	57.50	48.45	966.0000
485	57.23	48.46	968.0000
486	56.95	48.45	970.0000
487	56.69	48.44	972.0000
488	56.44	48.43	974.0000
489	56.20	48.42	976.0000
490	55.97	48.41	978.0000
491	55.74	48.40	980.0000
492	55.53	48.38	982.0000
493	55.32	48.36	984.0000
494	55.12	48.34	986.0000
495	54.93	48.32	988.0000
496	54.74	48.29	990.0000
497	54.56	48.26	992.0000
498	54.39	48.23	994.0000
499	54.21	48.19	996.0000
500	54.06	48.17	998.0000
