#	Temperatur 1 (°C)	Temperatur 2 (°C)	Temperatur 3 (°C)	Temperatur 4 (°C)	Temperatur 5 (°C)	Temperatur 6 (°C)	Temperatur 7 (°C)	Temperatur 8 (°C)
1	17.17	16.94	17.33	17.37	16.14	16.13	17.54	19.19
2	17.19	17.31	17.80	17.40	16.26	17.29	17.60	19.17
3	17.26	18.64	19.39	17.51	16.89	19.85	17.82	19.16
4	17.51	20.23	21.27	17.82	17.97	22.20	18.38	19.15
5	17.92	21.74	23.01	18.33	19.22	24.16	19.21	19.15
6	18.44	23.08	24.53	18.94	20.50	25.81	20.19	19.15
7	19.02	24.27	25.85	19.63	21.78	27.23	21.23	19.15
8	19.63	25.32	26.98	20.34	23.01	28.47	22.27	19.18
9	20.26	26.24	27.96	21.04	24.19	29.57	23.28	19.21
10	20.88	27.07	28.80	21.73	25.30	30.57	24.23	19.25
11	21.50	27.80	29.55	22.40	26.36	31.47	25.13	19.32
12	22.10	28.48	30.21	23.05	27.35	32.30	25.96	19.40
13	22.68	29.09	30.80	23.68	28.27	33.06	26.72	19.50
14	23.26	29.64	31.32	24.28	29.15	33.76	27.43	19.61
15	23.82	30.16	31.80	24.85	29.96	34.41	28.07	19.74
16	24.36	30.64	32.23	25.39	30.72	35.01	28.66	19.88
17	24.88	31.09	32.63	25.91	31.44	35.57	29.21	20.04
18	25.38	31.50	33.00	26.41	32.10	36.09	29.72	20.20
19	25.87	31.90	33.34	26.88	32.73	36.57	30.19	20.37
20	26.34	32.28	33.66	27.34	33.31	37.02	30.61	20.55
21	26.80	32.63	33.96	27.77	33.86	37.44	31.00	20.73
22	27.24	32.97	34.23	28.18	34.37	37.83	31.37	20.91
23	27.67	33.30	34.50	28.57	34.85	38.20	31.72	21.10
24	28.07	33.60	34.75	28.95	35.30	38.55	32.03	21.29
25	28.47	33.91	34.99	29.32	35.72	38.86	32.33	21.48
26	28.86	34.20	35.22	29.66	36.12	39.17	32.60	21.67
27	29.23	34.47	35.44	29.99	36.49	39.45	32.86	21.86
28	29.59	34.74	35.65	30.30	36.84	39.72	33.10	22.04
29	29.94	35.00	35.84	30.61	37.18	39.98	33.33	22.23
30	30.27	35.25	36.03	30.90	37.49	40.22	33.55	22.42
31	30.60	35.49	36.21	31.18	37.79	40.44	33.75	22.59
32	30.92	35.72	36.39	31.44	38.07	40.65	33.94	22.78
33	31.21	35.93	36.56	31.70	38.32	40.85	34.13	22.95
34	31.51	36.16	36.71	31.94	38.58	41.04	34.29	23.12
35	31.80	36.37	36.88	32.18	38.81	41.23	34.46	23.30
36	32.07	36.58	37.03	32.41	39.04	41.40	34.62	23.46
37	32.35	36.78	37.18	32.62	39.26	41.57	34.77	23.63
38	32.62	36.98	37.33	32.84	39.46	41.73	34.92	23.79
39	32.86	37.17	37.47	33.04	39.65	41.88	35.06	23.95
40	33.11	37.36	37.61	33.24	39.84	42.03	35.20	24.11
41	33.36	37.54	37.75	33.43	40.02	42.17	35.33	24.26
42	33.59	37.72	37.88	33.62	40.19	42.29	35.45	24.42
43	33.82	37.89	38.00	33.79	40.35	42.43	35.57	24.57
44	34.04	38.07	38.12	33.98	40.51	42.55	35.69	24.72
45	34.26	38.22	38.25	34.15	40.66	42.67	35.81	24.86
46	34.46	38.39	38.37	34.31	40.81	42.79	35.92	25.00
47	34.67	38.55	38.48	34.47	40.95	42.90	36.03	25.14
48	34.87	38.71	38.60	34.62	41.08	43.01	36.14	25.28
49	35.07	38.86	38.69	34.74	41.21	43.12	36.21	25.41
50	35.26	39.01	38.80	34.90	41.33	43.22	36.32	25.54
51	35.44	39.15	38.92	35.05	41.46	43.32	36.43	25.68
52	35.62	39.29	39.03	35.19	41.58	43.42	36.53	25.81
53	35.80	39.43	39.14	35.33	41.69	43.51	36.62	25.94
54	35.97	39.57	39.24	35.46	41.80	43.61	36.72	26.06
55	36.14	39.71	39.33	35.60	41.91	43.70	36.81	26.20
56	36.31	39.84	39.44	35.72	42.02	43.79	36.91	26.32
57	36.47	39.97	39.53	35.84	42.12	43.88	37.00	26.44
58	36.62	40.10	39.63	35.97	42.22	43.97	37.09	26.55
59	36.78	40.22	39.72	36.08	42.33	44.05	37.17	26.67
60	36.93	40.35	39.81	36.20	42.42	44.14	37.26	26.79
61	37.08	40.47	39.91	36.31	42.52	44.22	37.34	26.90
62	37.22	40.59	40.00	36.42	42.61	44.30	37.42	27.02
63	37.36	40.70	40.09	36.53	42.70	44.38	37.51	27.13
64	37.50	40.82	40.18	36.64	42.79	44.47	37.59	27.24
65	37.64	40.93	40.26	36.74	42.88	44.54	37.67	27.35
66	37.77	41.04	40.35	36.84	42.97	44.62	37.75	27.46
67	37.90	41.15	40.43	36.94	43.05	44.70	37.84	27.56
68	38.03	41.26	40.52	37.04	43.14	44.77	37.92	27.67
69	38.16	41.37	40.60	37.14	43.22	44.84	37.99	27.77
70	38.28	41.48	40.67	37.21	43.30	44.92	38.05	27.87
71	38.40	41.58	40.76	37.32	43.38	44.99	38.13	27.98
72	38.52	41.68	40.84	37.42	43.46	45.06	38.22	28.08
73	38.64	41.78	40.92	37.51	43.53	45.13	38.30	28.19
74	38.75	41.88	41.01	37.61	43.61	45.20	38.37	28.28
75	38.87	41.98	41.08	37.69	43.68	45.27	38.45	28.38
76	38.98	42.07	41.16	37.78	43.76	45.34	38.53	28.48
77	39.09	42.17	41.24	37.87	43.84	45.41	38.60	28.58
78	39.20	42.26	41.31	37.96	43.91	45.48	38.68	28.68
79	39.30	42.36	41.39	38.04	43.98	45.55	38.75	28.77
80	39.40	42.44	41.46	38.12	44.06	45.62	38.82	28.86
81	39.51	42.53	41.54	38.20	44.13	45.68	38.89	28.96
82	39.61	42.63	41.61	38.29	44.20	45.75	38.97	29.05
83	39.71	42.72	41.68	38.37	44.27	45.81	39.04	29.15
84	39.81	42.80	41.75	38.45	44.33	45.88	39.11	29.23
85	39.91	42.89	41.83	38.53	44.40	45.94	39.18	29.33
86	40.00	42.97	41.89	38.60	44.47	46.01	39.25	29.41
87	40.10	43.06	41.97	38.68	44.54	46.07	39.32	29.50
88	40.19	43.14	42.04	38.76	44.61	46.13	39.40	29.59
89	40.28	43.22	42.10	38.83	44.67	46.20	39.46	29.68
90	40.37	43.30	42.17	38.91	44.74	46.26	39.53	29.77
91	40.46	43.38	42.24	38.98	44.80	46.32	39.60	29.86
92	40.54	43.46	42.31	39.06	44.87	46.39	39.67	29.94
93	40.63	43.54	42.37	39.12	44.93	46.45	39.74	30.03
94	40.71	43.61	42.44	39.20	45.00	46.52	39.81	30.11
95	40.80	43.69	42.50	39.26	45.06	46.57	39.88	30.20
96	40.88	43.77	42.57	39.34	45.12	46.63	39.94	30.28
97	40.96	43.84	42.64	39.40	45.18	46.69	40.02	30.36
98	41.04	43.92	42.70	39.47	45.24	46.75	40.08	30.45
99	41.13	43.99	42.76	39.54	45.30	46.81	40.15	30.53
100	41.20	44.06	42.82	39.61	45.37	46.87	40.21	30.61
101	41.28	44.13	42.88	39.67	45.43	46.93	40.28	30.69
102	41.36	44.20	42.94	39.74	45.49	46.99	40.35	30.77
103	41.43	44.27	43.01	39.80	45.55	47.05	40.41	30.85
104	41.50	44.34	43.06	39.87	45.62	47.11	40.48	30.93
105	41.58	44.41	43.13	39.93	45.67	47.17	40.54	31.00
106	41.65	44.48	43.19	39.99	45.73	47.23	40.61	31.08
107	41.72	44.55	43.25	40.05	45.79	47.28	40.67	31.16
108	41.79	44.62	43.30	40.11	45.85	47.34	40.73	31.23
109	41.86	44.68	43.36	40.17	45.90	47.40	40.80	31.31
110	41.94	44.75	43.42	40.23	45.96	47.45	40.86	31.38
111	42.00	44.81	43.48	40.29	46.02	47.51	40.92	31.46
112	42.07	44.88	43.54	40.35	46.07	47.56	40.98	31.53
113	42.14	44.94	43.60	40.41	46.13	47.62	41.05	31.60
114	42.21	45.01	43.65	40.46	46.19	47.67	41.11	31.68
115	42.28	45.07	43.71	40.53	46.24	47.73	41.17	31.75
116	42.34	45.13	43.77	40.59	46.30	47.78	41.23	31.82
117	42.41	45.19	43.82	40.64	46.35	47.84	41.29	31.89
118	42.47	45.26	43.88	40.70	46.41	47.89	41.35	31.96
119	42.54	45.32	43.93	40.76	46.46	47.94	41.41	32.03
120	42.60	45.38	43.99	40.82	46.52	47.99	41.48	32.10
121	42.66	45.44	44.04	40.87	46.57	48.05	41.53	32.17
122	42.72	45.49	44.10	40.93	46.62	48.10	41.59	32.24
123	42.78	45.56	44.15	40.99	46.67	48.15	41.65	32.31
124	42.84	45.61	44.20	41.04	46.73	48.20	41.71	32.38
125	42.90	45.67	44.25	41.09	46.78	48.26	41.77	32.45
126	42.96	45.73	44.30	41.15	46.83	48.31	41.83	32.51
127	43.02	45.78	44.36	41.20	46.88	48.36	41.88	32.58
128	43.08	45.84	44.41	41.25	46.93	48.41	41.94	32.64
129	43.14	45.90	44.46	41.30	46.98	48.46	41.99	32.71
130	43.20	45.95	44.51	41.36	47.04	48.51	42.05	32.77
131	43.25	46.00	44.56	41.41	47.09	48.56	42.11	32.84
132	43.31	46.06	44.61	41.46	47.14	48.61	42.16	32.91
133	43.36	46.12	44.66	41.51	47.19	48.66	42.22	32.97
134	43.42	46.17	44.71	41.56	47.24	48.71	42.27	33.04
135	43.48	46.22	44.76	41.61	47.28	48.76	42.33	33.09
136	43.53	46.27	44.81	41.66	47.33	48.81	42.39	33.16
137	43.59	46.33	44.86	41.71	47.38	48.85	42.44	33.22
138	43.64	46.38	44.91	41.76	47.43	48.90	42.50	33.28
139	43.69	46.43	44.96	41.81	47.48	48.95	42.55	33.35
140	43.74	46.49	45.00	41.86	47.52	48.99	42.61	33.41
141	43.80	46.54	45.05	41.90	47.57	49.04	42.66	33.47
142	43.84	46.59	45.10	41.95	47.62	49.09	42.71	33.53
143	43.90	46.64	45.14	42.00	47.67	49.14	42.76	33.59
144	43.95	46.69	45.19	42.04	47.71	49.18	42.81	33.65
145	44.00	46.74	45.24	42.08	47.75	49.22	42.86	33.71
146	44.06	46.79	45.29	42.14	47.80	49.27	42.91	33.77
147	44.10	46.83	45.33	42.18	47.84	49.31	42.97	33.83
148	44.16	46.89	45.38	42.23	47.89	49.36	43.02	33.89
149	44.21	46.94	45.42	42.27	47.93	49.40	43.06	33.93
150	44.26	46.99	45.47	42.32	47.98	49.45	43.12	34.00
151	44.31	47.04	45.51	42.36	48.03	49.49	43.17	34.06
152	44.35	47.08	45.56	42.41	48.07	49.54	43.22	34.11
153	44.40	47.13	45.60	42.46	48.12	49.59	43.27	34.17
154	44.45	47.18	45.65	42.50	48.16	49.63	43.32	34.23
155	44.50	47.23	45.69	42.55	48.21	49.68	43.37	34.28
156	44.55	47.27	45.74	42.59	48.25	49.71	43.42	34.33
157	44.59	47.32	45.78	42.63	48.29	49.76	43.47	34.39
158	44.64	47.37	45.83	42.68	48.34	49.81	43.52	34.45
159	44.69	47.42	45.87	42.73	48.38	49.85	43.57	34.50
160	44.73	47.46	45.92	42.77	48.42	49.89	43.62	34.56
161	44.78	47.51	45.96	42.82	48.47	49.94	43.67	34.61
162	44.83	47.55	46.00	42.86	48.51	49.98	43.72	34.67
163	44.88	47.60	46.05	42.90	48.55	50.02	43.77	34.72
164	44.92	47.64	46.09	42.95	48.59	50.06	43.81	34.77
165	44.97	47.68	46.13	43.00	48.64	50.10	43.86	34.83
166	45.01	47.73	46.17	43.04	48.68	50.15	43.90	34.88
167	45.05	47.77	46.22	43.08	48.72	50.19	43.96	34.93
168	45.10	47.82	46.26	43.12	48.76	50.23	44.00	34.98
169	45.14	47.86	46.30	43.16	48.81	50.27	44.05	35.03
170	45.19	47.90	46.34	43.20	48.84	50.31	44.09	35.08
171	45.23	47.95	46.38	43.25	48.88	50.35	44.14	35.13
172	45.27	47.99	46.42	43.29	48.93	50.39	44.19	35.19
173	45.32	48.03	46.47	43.33	48.97	50.43	44.23	35.24
174	45.36	48.08	46.51	43.37	49.01	50.48	44.28	35.29
175	45.40	48.12	46.55	43.42	49.05	50.51	44.32	35.34
176	45.45	48.16	46.59	43.46	49.09	50.55	44.37	35.39
177	45.49	48.20	46.63	43.49	49.13	50.60	44.41	35.44
178	45.53	48.25	46.67	43.54	49.17	50.63	44.45	35.49
179	45.57	48.28	46.71	43.58	49.20	50.67	44.50	35.54
180	45.61	48.32	46.75	43.62	49.24	50.71	44.54	35.60
181	45.65	48.37	46.79	43.65	49.28	50.75	44.59	35.64
182	45.70	48.40	46.83	43.70	49.32	50.79	44.63	35.69
183	45.74	48.44	46.87	43.74	49.36	50.83	44.67	35.74
184	45.78	48.49	46.90	43.78	49.40	50.87	44.72	35.79
185	45.81	48.52	46.92	43.79	49.43	50.90	44.74	35.81
186	45.85	48.56	46.98	43.85	49.47	50.94	44.79	35.87
187	45.89	48.61	47.02	43.88	49.51	50.98	44.84	35.92
188	45.93	48.64	47.06	43.92	49.55	51.02	44.88	35.97
189	45.97	48.68	47.09	43.96	49.60	51.05	44.93	36.02
190	46.01	48.72	47.13	44.01	49.63	51.09	44.97	36.06
191	46.05	48.76	47.17	44.03	49.67	51.13	45.01	36.10
