#   xe  De    DeG 
    2.7 1.460 1.678 
    4   1.350 1.641 
    6   1.280 1.680 
    8   1.212 1.771 
    10  1.150 1.859 
    12  1.080 1.991 
    14  1.000 2.119 
    16  0.965 2.278 
    18  0.951 2.509 
    20  0.920 2.701 
    22  0.920 2.985 
    24  0.915 3.210 
    26  0.911 3.467 
    28  0.910 3.691 
    30  0.876 3.979 
    32  0.840 4.225 
    34  0.810 4.492 
    36  0.788 4.775 
    38  0.771 5.074 
    40  0.761 5.369 
    42  0.750 5.615 
    44  0.745 6.000 
    46  0.740 6.345 
    48  0.740 6.613 
