# Theoriewerte, Fehler/Abweichung
2.158599999999999852e+02 -7.477068470304828907e+00 3.390720951019463314e+02 7.390284647594916656e+00
1.079299999999999926e+02 3.641248957657737151e+00 3.390720951019463314e+02 7.390284647594916656e+00
7.195333333333331893e+01 5.494301862318152985e+00 3.390720951019463314e+02 7.390284647594916656e+00
5.396499999999999631e+01 -4.512183822848143677e+00 3.390720951019463314e+02 7.390284647594916656e+00
4.317199999999999704e+01 -1.025664782729548108e+01 3.390720951019463314e+02 7.390284647594916656e+00
3.597666666666665947e+01 -1.176688594459392334e+00 3.390720951019463314e+02 7.390284647594916656e+00
3.083714285714285452e+01 4.011859538589817475e+00 3.390720951019463314e+02 7.390284647594916656e+00
2.698249999999999815e+01 1.253590290002779284e+01 3.390720951019463314e+02 7.390284647594916656e+00
2.398444444444444201e+01 2.436764569628451227e+00 3.390720951019463314e+02 7.390284647594916656e+00
2.158599999999999852e+01 -4.697489113314190945e+00 3.390720951019463314e+02 7.390284647594916656e+00
